0.000000000000000000e+00 -1.776694853651363371e+00
1.000000000000000000e+00 -2.079816370834385975e+00
2.000000000000000000e+00 -1.507984946790070779e+00
3.000000000000000000e+00 -3.544331667063445046e-01
4.000000000000000000e+00 7.204121817990453147e-01
5.000000000000000000e+00 1.007889973208108803e+00
6.000000000000000000e+00 4.430928076391811299e-01
7.000000000000000000e+00 -8.605013415720343950e-01
8.000000000000000000e+00 -2.464540886589704272e+00
9.000000000000000000e+00 -3.574631873498909762e+00
1.000000000000000000e+01 -3.898448549326277046e+00
1.100000000000000000e+01 -3.240871085195276891e+00
1.200000000000000000e+01 -2.140501590299016321e+00
1.300000000000000000e+01 -1.125961919748248219e+00
1.400000000000000000e+01 -7.264133092507905065e-01
1.500000000000000000e+01 -1.387425774753019425e+00
1.600000000000000000e+01 -2.744020171799504748e+00
1.700000000000000000e+01 -4.246171787550639287e+00
1.800000000000000000e+01 -5.430650843225612867e+00
1.900000000000000000e+01 -5.688238499804179504e+00
2.000000000000000000e+01 -4.984845836000869390e+00
2.100000000000000000e+01 -3.923435917160115860e+00
2.200000000000000000e+01 -2.853948220095105182e+00
2.300000000000000000e+01 -2.549981222504165146e+00
2.400000000000000000e+01 -3.160595865249363978e+00
2.500000000000000000e+01 -4.536565036124406092e+00
2.600000000000000000e+01 -6.107043972796932785e+00
2.700000000000000000e+01 -7.201248025468736991e+00
2.800000000000000000e+01 -7.433388995836250679e+00
2.900000000000000000e+01 -6.765617179253470503e+00
